service_id,monday,tuesday,wednesday,thursday,friday,saturday,sunday,start_date,end_date
GN1 SA,0,0,0,0,0,0,0,20231217,20240511
9B 7E SHOW MF,0,0,0,0,0,0,0,20231217,20240511
8E 5E SHOW WED,0,0,0,0,0,0,0,20231217,20240511
1N 2 SHO HSEO,0,0,0,0,0,0,0,20231217,20240511
SV2 UI MF,0,0,0,0,0,0,0,20231217,20240511
Y1 SU,0,0,0,0,0,0,0,20231217,20240511
Y5 SA,0,0,0,0,0,0,0,20231217,20240511
5W 4 SHO HSEO,0,0,0,0,0,0,0,20231217,20240511
L2 NOSCH MF,0,0,0,0,0,0,0,20231217,20240511
B3 SCH MF,0,0,0,0,0,0,0,20231217,20240511
GN3 NO CHA WED,0,0,0,0,0,0,0,20231217,20240511
1N 16B 2 SHO MTTF,0,0,0,0,0,0,0,20231217,20240511
Y2 UI SA,0,0,0,0,0,0,0,20231217,20240511
SV1 NON UI SU,0,0,0,0,0,0,0,20231217,20240511
BA1 MF,0,0,0,0,0,0,0,20231217,20240511
I8 4S NOUI NOSCH,0,0,0,0,0,0,0,20231217,20240511
GN5 MF,0,0,0,0,0,0,0,20231217,20240511
RUB 2 SCH WED,0,0,0,0,0,0,0,20231217,20240511
LN2 MF,0,0,0,0,0,0,0,20231217,20240511
3N 7E K12EO,0,0,0,0,0,0,0,20231217,20240511
5E SHOW MF,0,0,0,0,0,0,0,20231217,20240511
1S  SHOW 2,0,0,0,0,0,0,0,20231217,20240511
Y2  UI MF,0,0,0,0,0,0,0,20231217,20240511
GN7 UIF,0,0,0,0,0,0,0,20231217,20240511
Y2 UI SU LATE,0,0,0,0,0,0,0,20231217,20240511
GN5 SA,0,0,0,0,0,0,0,20231217,20240511
7W 5E URB ONLY,0,0,0,0,0,0,0,20231217,20240511
10E 6E K12EO,0,0,0,0,0,0,0,20231217,20240511
5W 3 SHO K12EO,0,0,0,0,0,0,0,20231217,20240511
SV4 UI MTH SCH,0,0,0,0,0,0,0,20231217,20240511
GR2 SA,0,0,0,0,0,0,0,20231217,20240511
BB1 MF,0,0,0,0,0,0,0,20231217,20240511
LM2 SA,0,0,0,0,0,0,0,20231217,20240511
G2 NON UI MF,0,0,0,0,0,0,0,20231217,20240511
BA2 NOSCH MF,0,0,0,0,0,0,0,20231217,20240511
RUB 2 SCH MTTF,0,0,0,0,0,0,0,20231217,20240511
9A  2 SHO K12EO,0,0,0,0,0,0,0,20231217,20240511
GREY MF SHOW,0,0,0,0,0,0,0,20231217,20240511
GR5 SA,0,0,0,0,0,0,0,20231217,20240511
1N SHOW 2,0,0,0,0,0,0,0,20231217,20240511
R3 SA,0,0,0,0,0,0,0,20231217,20240511
5E SHOW 2 WED,0,0,0,0,0,0,0,20231217,20240511
Y4 SU,0,0,0,0,0,0,0,20231217,20240511
GNX1 SCH MF,0,0,0,0,0,0,0,20231217,20240511
9B SHOW K12EO,0,0,0,0,0,0,0,20231217,20240511
Y4 SA,0,0,0,0,0,0,0,20231217,20240511
I6 UI MF,0,0,0,0,0,0,0,20231217,20240511
GR1 SU,0,0,0,0,0,0,0,20231217,20240511
I2 UI SA,0,0,0,0,0,0,0,20231217,20240511
1N SHOW MF,0,0,0,0,0,0,0,20231217,20240511
GN7 UI MTH,0,0,0,0,0,0,0,20231217,20240511
Y3 MF,0,0,0,0,0,0,0,20231217,20240511
Y5 NONUI MF,0,0,0,0,0,0,0,20231217,20240511
GR5 UI MF,0,0,0,0,0,0,0,20231217,20240511
B3 NOSCH MF,0,0,0,0,0,0,0,20231217,20240511
5W 3 SHOW MF,0,0,0,0,0,0,0,20231217,20240511
L2 SA,0,0,0,0,0,0,0,20231217,20240511
1S 8E SHOW MF,0,0,0,0,0,0,0,20231217,20240511
7W 2 SHOW HSEO,0,0,0,0,0,0,0,20231217,20240511
GR3 UI MF,0,0,0,0,0,0,0,20231217,20240511
L2 SCH MF,0,0,0,0,0,0,0,20231217,20240511
GN3 K12EO,0,0,0,0,0,0,0,20231217,20240511
B4 HS EO,0,0,0,0,0,0,0,20231217,20240511
L1 SA,0,0,0,0,0,0,0,20231217,20240511
1N 2 SHO K12EO,0,0,0,0,0,0,0,20231217,20240511
I1 SU,0,0,0,0,0,0,0,20231217,20240511
I5 UIF LATE,0,0,0,0,0,0,0,20231217,20240511
NEW N2 MF,0,0,0,0,0,0,0,20231217,20240511
G5 NON UI MF,0,0,0,0,0,0,0,20231217,20240511
9A SHOW WED,0,0,0,0,0,0,0,20231217,20240511
BZ2 SCH MTTF,0,0,0,0,0,0,0,20231217,20240511
SV1 1 UISA,0,0,0,0,0,0,0,20231217,20240511
GN2SU,0,0,0,0,0,0,0,20231217,20240511
T1 NONUI MF,0,0,0,0,0,0,0,20231217,20240511
I1 NONUI SA,0,0,0,0,0,0,0,20231217,20240511
GN8 MF,0,0,0,0,0,0,0,20231217,20240511
RUB1 SA,0,0,0,0,0,0,0,20231217,20240511
Y2 NONUI MF,0,0,0,0,0,0,0,20231217,20240511
Y3 SU,0,0,0,0,0,0,0,20231217,20240511
G4 NON UI MF,0,0,0,0,0,0,0,20231217,20240511
B4 NOSCH MF,0,0,0,0,0,0,0,20231217,20240511
GR4 SU,0,0,0,0,0,0,0,20231217,20240511
9B SHOW HSEO,0,0,0,0,0,0,0,20231217,20240511
3N 9A SHO HSEO,0,0,0,0,0,0,0,20231217,20240511
7W 5E AMSHOW MF,0,0,0,0,0,0,0,20231217,20240511
GR3 SA,0,0,0,0,0,0,0,20231217,20240511
I1 NONUI MF,0,0,0,0,0,0,0,20231217,20240511
16B#2 SHOW WED,0,0,0,0,0,0,0,20231217,20240511
16B 2 9A SHO MTTF,0,0,0,0,0,0,0,20231217,20240511
SVI UI SU LATE,0,0,0,0,0,0,0,20231217,20240511
R2 MF,0,0,0,0,0,0,0,20231217,20240511
16A 2 SHOW MF,0,0,0,0,0,0,0,20231217,20240511
5W 5 K12EO,0,0,0,0,0,0,0,20231217,20240511
R1 SA,0,0,0,0,0,0,0,20231217,20240511
BZ1 SCH MF,0,0,0,0,0,0,0,20231217,20240511
GN4 MF,0,0,0,0,0,0,0,20231217,20240511
GN2 NONUI SA,0,0,0,0,0,0,0,20231217,20240511
SV2 NON UI,0,0,0,0,0,0,0,20231217,20240511
GNX6 MF,0,0,0,0,0,0,0,20231217,20240511
I2 UI MF,0,0,0,0,0,0,0,20231217,20240511
SV4  NOSCH NONUI,0,0,0,0,0,0,0,20231217,20240511
7E 2 SHOW WED,0,0,0,0,0,0,0,20231217,20240511
3N SHOW MF,0,0,0,0,0,0,0,20231217,20240511
BZ1 NOSCH MF,0,0,0,0,0,0,0,20231217,20240511
T2 UI SU,0,0,0,0,0,0,0,20231217,20240511
GN2 MF,0,0,0,0,0,0,0,20231217,20240511
10W UHS UMS MF,0,0,0,0,0,0,0,20231217,20240511
T3 UI SU,0,0,0,0,0,0,0,20231217,20240511
GNX2 MF,0,0,0,0,0,0,0,20231217,20240511
R1 MF,0,0,0,0,0,0,0,20231217,20240511
BZ2 WED,0,0,0,0,0,0,0,20231217,20240511
3N 1N SHO HSEO,0,0,0,0,0,0,0,20231217,20240511
LN3 MF,0,0,0,0,0,0,0,20231217,20240511
SV4 UIM NOSCH,0,0,0,0,0,0,0,20231217,20240511
GR3 UI LATE,0,0,0,0,0,0,0,20231217,20240511
5W 2 SHO HSEO,0,0,0,0,0,0,0,20231217,20240511
I8 4S SCH MTTF,0,0,0,0,0,0,0,20231217,20240511
ORANGE GREEN,0,0,0,0,0,0,0,20231217,20240511
GN6 NOSCH MF,0,0,0,0,0,0,0,20231217,20240511
T1 UIF,0,0,0,0,0,0,0,20231217,20240511
RUB1 MF,0,0,0,0,0,0,0,20231217,20240511
B4 SCH WED,0,0,0,0,0,0,0,20231217,20240511
I3 UIF LATE,0,0,0,0,0,0,0,20231217,20240511
GNX1 NOSCH MF,0,0,0,0,0,0,0,20231217,20240511
SV2 UISA,0,0,0,0,0,0,0,20231217,20240511
5W 1 SHO K12EO,0,0,0,0,0,0,0,20231217,20240511
SV1 UISU,0,0,0,0,0,0,0,20231217,20240511
B2 MF,0,0,0,0,0,0,0,20231217,20240511
I2 NONUISA,0,0,0,0,0,0,0,20231217,20240511
9A 7W SHO URB ONLY,0,0,0,0,0,0,0,20231217,20240511
5W 4 SHOW MF,0,0,0,0,0,0,0,20231217,20240511
T2 LATE,0,0,0,0,0,0,0,20231217,20240511
GR4 SA,0,0,0,0,0,0,0,20231217,20240511
T2 NON UI SU,0,0,0,0,0,0,0,20231217,20240511
GN4 SU,0,0,0,0,0,0,0,20231217,20240511
LM1 SA,0,0,0,0,0,0,0,20231217,20240511
I4 UIF LATE,0,0,0,0,0,0,0,20231217,20240511
LM2 SU,0,0,0,0,0,0,0,20231217,20240511
GR3 NON UI,0,0,0,0,0,0,0,20231217,20240511
5E UHS SHO WED,0,0,0,0,0,0,0,20231217,20240511
Y7 UI MF,0,0,0,0,0,0,0,20231217,20240511
R3 MF,0,0,0,0,0,0,0,20231217,20240511
GN1 MF,0,0,0,0,0,0,0,20231217,20240511
3N 1N SHO K12EO,0,0,0,0,0,0,0,20231217,20240511
GN2 UISA,0,0,0,0,0,0,0,20231217,20240511
Y1 NONUI SA,0,0,0,0,0,0,0,20231217,20240511
7W 5E K12EO,0,0,0,0,0,0,0,20231217,20240511
7W 1 SHOW WED,0,0,0,0,0,0,0,20231217,20240511
I8 4S SCH WED,0,0,0,0,0,0,0,20231217,20240511
I2 UI SU,0,0,0,0,0,0,0,20231217,20240511
3S 5W SHOW MF,0,0,0,0,0,0,0,20231217,20240511
16B 2 SHO K12EO,0,0,0,0,0,0,0,20231217,20240511
GNX5 MF,0,0,0,0,0,0,0,20231217,20240511
SV3 UISA,0,0,0,0,0,0,0,20231217,20240511
6E 7W SHOW WED,0,0,0,0,0,0,0,20231217,20240511
7E SHOW K12EO,0,0,0,0,0,0,0,20231217,20240511
Y2 NONUI SA,0,0,0,0,0,0,0,20231217,20240511
L1 MF,0,0,0,0,0,0,0,20231217,20240511
9A 7W SHOW MTTF,0,0,0,0,0,0,0,20231217,20240511
SV1 3 UISA,0,0,0,0,0,0,0,20231217,20240511
T1 NONUI SA,0,0,0,0,0,0,0,20231217,20240511
GR3 UI SU,0,0,0,0,0,0,0,20231217,20240511
GN6 SCH MF,0,0,0,0,0,0,0,20231217,20240511
B4 NOSCH MTTF,0,0,0,0,0,0,0,20231217,20240511
B1 MF,0,0,0,0,0,0,0,20231217,20240511
G1 NON UI MF,0,0,0,0,0,0,0,20231217,20240511
RUB 2 NO SCH,0,0,0,0,0,0,0,20231217,20240511
5W 2 SHO K12EO,0,0,0,0,0,0,0,20231217,20240511
SV1 NONUI SA,0,0,0,0,0,0,0,20231217,20240511
7W 2 SHOW MTTF,0,0,0,0,0,0,0,20231217,20240511
T3 NONUI MF,0,0,0,0,0,0,0,20231217,20240511
R5 MF,0,0,0,0,0,0,0,20231217,20240511
9A SHOW MF,0,0,0,0,0,0,0,20231217,20240511
6E SHOW MTTF,0,0,0,0,0,0,0,20231217,20240511
L2 SU,0,0,0,0,0,0,0,20231217,20240511
3N 5E K12EO,0,0,0,0,0,0,0,20231217,20240511
B4 NOSCH WED,0,0,0,0,0,0,0,20231217,20240511
5W 2 SHOW MF,0,0,0,0,0,0,0,20231217,20240511
RV1 MF,0,0,0,0,0,0,0,20231217,20240511
GR2 SU,0,0,0,0,0,0,0,20231217,20240511
P2 MF SCH,0,0,0,0,0,0,0,20231217,20240511
GN3 SCHOOL MF,0,0,0,0,0,0,0,20231217,20240511
5W 1 SHOW MF,0,0,0,0,0,0,0,20231217,20240511
T1 UI SU,0,0,0,0,0,0,0,20231217,20240511
T2 NONUI SA,0,0,0,0,0,0,0,20231217,20240511
Y2 UI SU,0,0,0,0,0,0,0,20231217,20240511
Y6 UI MF,0,0,0,0,0,0,0,20231217,20240511
16B 1 SHOW MF,0,0,0,0,0,0,0,20231217,20240511
B4 SCH MTTF,0,0,0,0,0,0,0,20231217,20240511
Y4 MF,0,0,0,0,0,0,0,20231217,20240511
3N SHOW K12EO,0,0,0,0,0,0,0,20231217,20240511
I1 UI SA,0,0,0,0,0,0,0,20231217,20240511
GR1 SA,0,0,0,0,0,0,0,20231217,20240511
GN7 NON UI,0,0,0,0,0,0,0,20231217,20240511
I1 UI MTH,0,0,0,0,0,0,0,20231217,20240511
GR1 MF SCH,0,0,0,0,0,0,0,20231217,20240511
I2 UI SU PM,0,0,0,0,0,0,0,20231217,20240511
I1 UIF,0,0,0,0,0,0,0,20231217,20240511
9A 10E 6E SHO MTTF,0,0,0,0,0,0,0,20231217,20240511
I5 UIF,0,0,0,0,0,0,0,20231217,20240511
BZ2 NOSCH MF,0,0,0,0,0,0,0,20231217,20240511
5W 3 SHO HSEO,0,0,0,0,0,0,0,20231217,20240511
GN9 WED,0,0,0,0,0,0,0,20231217,20240511
Y8 UI MF,0,0,0,0,0,0,0,20231217,20240511
GN3 SU,0,0,0,0,0,0,0,20231217,20240511
16B 2 SHO HSEO,0,0,0,0,0,0,0,20231217,20240511
GNX4 MF,0,0,0,0,0,0,0,20231217,20240511
O4 RUBY MF,0,0,0,0,0,0,0,20231217,20240511
T2 UI MF,0,0,0,0,0,0,0,20231217,20240511
I2  NON UI SU,0,0,0,0,0,0,0,20231217,20240511
I4 UI SU,0,0,0,0,0,0,0,20231217,20240511
16B 1 SHO K12EO,0,0,0,0,0,0,0,20231217,20240511
9B 7E SHO MF,0,0,0,0,0,0,0,20231217,20240511
9B SHOW MF,0,0,0,0,0,0,0,20231217,20240511
GR2 MF,0,0,0,0,0,0,0,20231217,20240511
5W 4 SHO K12EO,0,0,0,0,0,0,0,20231217,20240511
GN3 NONUI SA,0,0,0,0,0,0,0,20231217,20240511
SV1 UI MF,0,0,0,0,0,0,0,20231217,20240511
9B 7E SHO HSEO,0,0,0,0,0,0,0,20231217,20240511
O1 MF,0,0,0,0,0,0,0,20231217,20240511
Y3 SA,0,0,0,0,0,0,0,20231217,20240511
I3 UIF,0,0,0,0,0,0,0,20231217,20240511
I1 UIF LATE,0,0,0,0,0,0,0,20231217,20240511
GN9 SHOW,0,0,0,0,0,0,0,20231217,20240511
7W 2 SHO K12EO,0,0,0,0,0,0,0,20231217,20240511
I4 UIF,0,0,0,0,0,0,0,20231217,20240511
I3 UI MTH,0,0,0,0,0,0,0,20231217,20240511
P2 NOSCH MF,0,0,0,0,0,0,0,20231217,20240511
I2 NONUI MF,0,0,0,0,0,0,0,20231217,20240511
Y2 NON UI SU,0,0,0,0,0,0,0,20231217,20240511
G6 NON UI MF,0,0,0,0,0,0,0,20231217,20240511
SV2 UISU,0,0,0,0,0,0,0,20231217,20240511
I3 UI SU,0,0,0,0,0,0,0,20231217,20240511
BB2 MF,0,0,0,0,0,0,0,20231217,20240511
GR4 MF,0,0,0,0,0,0,0,20231217,20240511
GN9 MTTF,0,0,0,0,0,0,0,20231217,20240511
T1 UI MTH,0,0,0,0,0,0,0,20231217,20240511
GR1 MF NOSCH,0,0,0,0,0,0,0,20231217,20240511
9B 7E SHO K12EO,0,0,0,0,0,0,0,20231217,20240511
L1 SU,0,0,0,0,0,0,0,20231217,20240511
O3 MF,0,0,0,0,0,0,0,20231217,20240511
B4 K12 EO,0,0,0,0,0,0,0,20231217,20240511
7W SHOW WED,0,0,0,0,0,0,0,20231217,20240511
7W 7E 5E HSEO,0,0,0,0,0,0,0,20231217,20240511
O2 MF,0,0,0,0,0,0,0,20231217,20240511
R6 MF,0,0,0,0,0,0,0,20231217,20240511
Y5 UI MF,0,0,0,0,0,0,0,20231217,20240511
T4 UI MF,0,0,0,0,0,0,0,20231217,20240511
LM2 MF,0,0,0,0,0,0,0,20231217,20240511
7W 3 SHO  K12EO,0,0,0,0,0,0,0,20231217,20240511
16B 1 SHO HSEO,0,0,0,0,0,0,0,20231217,20240511
5E SHOW 1 WED,0,0,0,0,0,0,0,20231217,20240511
GN9 NO SCH,0,0,0,0,0,0,0,20231217,20240511
Y1 UI SA,0,0,0,0,0,0,0,20231217,20240511
7E 5E URB ONLY,0,0,0,0,0,0,0,20231217,20240511
BA2 SCH MF,0,0,0,0,0,0,0,20231217,20240511
GN3 HSEO,0,0,0,0,0,0,0,20231217,20240511
I4 UI MTH,0,0,0,0,0,0,0,20231217,20240511
GN3 UI SA,0,0,0,0,0,0,0,20231217,20240511
SV4 UIF,0,0,0,0,0,0,0,20231217,20240511
9A SHOW HSEO,0,0,0,0,0,0,0,20231217,20240511
16A 1 SHOW MF,0,0,0,0,0,0,0,20231217,20240511
GNX1 SHO MTTF,0,0,0,0,0,0,0,20231217,20240511
GN3 NOSCH,0,0,0,0,0,0,0,20231217,20240511
T2 UI SA,0,0,0,0,0,0,0,20231217,20240511
GNX3 MF,0,0,0,0,0,0,0,20231217,20240511
7W 2 SHOW WED,0,0,0,0,0,0,0,20231217,20240511
5W 1 SHO HSEO,0,0,0,0,0,0,0,20231217,20240511
I5 UI MTH,0,0,0,0,0,0,0,20231217,20240511
7E 5E SHOW HSEO,0,0,0,0,0,0,0,20231217,20240511
9A SHOW K12EO,0,0,0,0,0,0,0,20231217,20240511
1N SHOW HSEO,0,0,0,0,0,0,0,20231217,20240511
T3 UI MF,0,0,0,0,0,0,0,20231217,20240511
GR3 NON UI SU,0,0,0,0,0,0,0,20231217,20240511
G3 NON UI MF,0,0,0,0,0,0,0,20231217,20240511
GN1 SU,0,0,0,0,0,0,0,20231217,20240511
10E6E K12/URB ONLY,0,0,0,0,0,0,0,20231217,20240511
7E 5E SHOW MTTF,0,0,0,0,0,0,0,20231217,20240511
7W 7E 5E MTTF,0,0,0,0,0,0,0,20231217,20240511
3N 1N SHOW,0,0,0,0,0,0,0,20231217,20240511
R2 SA,0,0,0,0,0,0,0,20231217,20240511
1N SHOW 3 WED,0,0,0,0,0,0,0,20231217,20240511
GN3 SCH WED,0,0,0,0,0,0,0,20231217,20240511
T1 UI SA,0,0,0,0,0,0,0,20231217,20240511
I4 UI SA,0,0,0,0,0,0,0,20231217,20240511
GN3 NO CHA MF,0,0,0,0,0,0,0,20231217,20240511
SV4 SCH NONUI,0,0,0,0,0,0,0,20231217,20240511
I3 UI SA,0,0,0,0,0,0,0,20231217,20240511
3N 7E HSEO,0,0,0,0,0,0,0,20231217,20240511
RUB1 SU,0,0,0,0,0,0,0,20231217,20240511
7E 1 SHOW WED,0,0,0,0,0,0,0,20231217,20240511
I5 UI SU,0,0,0,0,0,0,0,20231217,20240511
